1.552539654289468718e+00 -3.091133739285165660e+00 1.000000000000000000e+00
3.684798126230431237e+00 1.928892558710046501e+00 0.000000000000000000e+00
7.769471596985860984e+00 9.770684444038941763e+00 1.000000000000000000e+00
-1.056325169464515845e+01 1.965674404226379401e+00 0.000000000000000000e+00
-8.980735217649684188e+00 5.855502027230352624e-01 0.000000000000000000e+00
-3.983479670366198100e+00 -4.807365734756712250e+00 0.000000000000000000e+00
8.403977745308122138e+00 1.011330947584411533e+01 1.000000000000000000e+00
8.710110272015311850e+00 6.614133869224372297e+00 1.000000000000000000e+00
4.798207075035734626e+00 1.565905892082763806e+01 1.000000000000000000e+00
1.232708916289061563e+01 4.136988029085194363e+00 1.000000000000000000e+00
-9.055775081547041694e-01 -1.893285490819049066e+00 0.000000000000000000e+00
1.042432901745248053e+01 2.750039978425398601e+00 1.000000000000000000e+00
1.041830497605650052e+01 1.142486863943537401e+01 1.000000000000000000e+00
-8.083056675690796666e+00 -8.253274976735083257e+00 0.000000000000000000e+00
-7.124994823773553421e+00 4.350212064711882931e+00 1.000000000000000000e+00
7.077154472022474607e+00 6.662681781137547610e+00 1.000000000000000000e+00
-1.000700714402604419e+01 -6.250941829985857900e+00 0.000000000000000000e+00
-7.450656559768114917e+00 -6.130513901968358326e+00 0.000000000000000000e+00
-2.666838725430750401e+00 -5.552462629604429267e+00 0.000000000000000000e+00
-3.460691454840555181e+00 3.870357858690383068e-01 0.000000000000000000e+00
3.607056835620254365e+00 4.728547965563530298e+00 1.000000000000000000e+00
3.549728580004702039e+00 -5.048956723847835448e+00 1.000000000000000000e+00
-7.872098583427305840e+00 -3.342126509080856067e-02 0.000000000000000000e+00
-2.287270289409451429e+00 -1.185889728262065290e+01 0.000000000000000000e+00
-9.941579003718088003e+00 -6.663691555630215646e+00 0.000000000000000000e+00
-1.557630324341479344e+01 -5.528835795313232104e+00 0.000000000000000000e+00
-4.458960225768994867e+00 -8.686405582289676630e+00 0.000000000000000000e+00
-8.251935793313830203e+00 -1.571874237500709981e+00 0.000000000000000000e+00
-3.055596588720407958e+00 -1.240792635139070299e+01 0.000000000000000000e+00
6.804651643814594308e+00 -5.471929393177891399e+00 0.000000000000000000e+00
-3.520922218856501473e-01 -7.487551860417785754e+00 0.000000000000000000e+00
-5.717036478174168046e+00 -8.429318415747113491e+00 0.000000000000000000e+00
-9.766325126238132981e+00 -4.026346511113086279e+00 0.000000000000000000e+00
-2.934723328334028825e+00 -5.556079983380062259e-01 0.000000000000000000e+00
6.029570505769455302e+00 8.508253921862205971e+00 1.000000000000000000e+00
-1.038604335424027347e+01 4.725295965299595835e+00 1.000000000000000000e+00
-4.806887131669361324e+00 -7.328758268842469725e+00 0.000000000000000000e+00
7.847041117024732948e+00 4.370480855401171816e+00 1.000000000000000000e+00
-9.990954515313678286e+00 -5.940109102972098931e+00 0.000000000000000000e+00
-7.258351918272634151e-01 1.096007902984603533e+01 1.000000000000000000e+00
-2.005527581858789876e+00 -3.053139876522762641e+00 0.000000000000000000e+00
1.333064167461871286e+00 7.435228441582273362e+00 1.000000000000000000e+00
5.603426842085144521e+00 1.603410134174113821e+00 1.000000000000000000e+00
-3.114633652221373783e+00 -6.246422788600616727e+00 0.000000000000000000e+00
-2.499800789966990511e+00 -8.026599922040235313e+00 0.000000000000000000e+00
2.615598117193036920e+00 7.703699609728978714e+00 1.000000000000000000e+00
-4.672984323218497771e+00 3.985977660322182814e+00 0.000000000000000000e+00
4.890984308994470453e-01 -5.650661054883888035e+00 0.000000000000000000e+00
4.585173187247519877e-01 3.447552386415249970e+00 0.000000000000000000e+00
-6.380041476722575489e+00 -9.893377048319983658e+00 0.000000000000000000e+00
-3.592461814000191378e+00 3.882537382697938355e+00 0.000000000000000000e+00
1.372083270196793592e+01 1.152481641555998060e+01 1.000000000000000000e+00
1.600052540972287929e+01 1.126598474409690809e+01 1.000000000000000000e+00
1.436983102525180023e+00 6.713543511542001241e+00 0.000000000000000000e+00
-4.902247223341172244e+00 -3.580854208866818489e+00 0.000000000000000000e+00
3.609048397912952844e+00 2.106997175345265205e+01 1.000000000000000000e+00
5.781620063149474298e+00 3.889059917493220553e+00 1.000000000000000000e+00
3.291099843907967060e+00 1.100455820986737621e+01 1.000000000000000000e+00
4.552312074935588093e+00 5.654627294392260417e+00 1.000000000000000000e+00
6.494587328941530124e+00 7.945972456529470485e+00 1.000000000000000000e+00
-3.080119716360508075e+00 -1.134662337696678680e+00 0.000000000000000000e+00
3.103902498454619518e+00 2.797126653985071876e+00 1.000000000000000000e+00
5.936168203264262644e-01 -7.258563981321067615e+00 0.000000000000000000e+00
1.306791046868178707e+00 9.750290269405754273e+00 1.000000000000000000e+00
6.672535949692989021e+00 4.805802667434277531e+00 1.000000000000000000e+00
-9.275093248600539297e+00 -1.170832938356805109e+01 0.000000000000000000e+00
2.946224659013277236e+00 3.712439552586810798e+00 1.000000000000000000e+00
2.886994725454056443e+00 -2.804314331713096742e+00 0.000000000000000000e+00
6.953544837696957970e+00 1.996674531377859552e+00 1.000000000000000000e+00
-1.705622673660577071e+00 9.511186003715989656e+00 1.000000000000000000e+00
-1.131714077756433667e+01 -9.625282040965016606e+00 0.000000000000000000e+00
-7.863149910802048836e+00 2.723267788258634248e+00 0.000000000000000000e+00
-2.796913286535670728e+00 3.490687795647825276e+00 1.000000000000000000e+00
-8.047314877028494351e+00 -4.419850194495147377e+00 0.000000000000000000e+00
-6.075880863139046184e+00 2.393445045699923668e+00 0.000000000000000000e+00
-3.157826276824978962e+00 4.190806554070289458e+00 1.000000000000000000e+00
-4.709049428103505797e+00 -2.616773914442909188e-01 0.000000000000000000e+00
1.474921220103354536e+01 -1.036439917757539853e+00 1.000000000000000000e+00
-1.398213660559076921e+00 1.895156456481267071e+00 0.000000000000000000e+00
5.042076401392758811e-01 -4.544561292656096541e+00 0.000000000000000000e+00
5.188984773564773612e+00 7.832774534505886344e+00 1.000000000000000000e+00
-4.574983994782098051e+00 1.449840784433481744e+01 1.000000000000000000e+00
1.079964430882226267e+01 4.304141080985663059e+00 1.000000000000000000e+00
5.634121999910813194e+00 1.642326150574917154e+00 1.000000000000000000e+00
-3.027643235955340018e+00 1.533874428923994948e+01 1.000000000000000000e+00
1.953458611965823266e+00 -6.267491407982205054e+00 0.000000000000000000e+00
-1.239853470574961314e+00 2.511281825867088813e+00 0.000000000000000000e+00
-4.632135731130457401e+00 3.681515435863028429e+00 0.000000000000000000e+00
1.147682178660502483e+00 8.444783847771251573e+00 1.000000000000000000e+00
-1.521492026329956282e+01 -8.551997377946118917e-01 0.000000000000000000e+00
-4.515573216162003689e+00 -9.161333697996219882e+00 0.000000000000000000e+00
-7.914266982415418816e+00 -5.675250358982276033e+00 0.000000000000000000e+00
-8.863420872893280844e+00 -5.884330525106711285e+00 0.000000000000000000e+00
9.400927881108696482e+00 1.438830724752628853e-01 1.000000000000000000e+00
4.875826366340042739e+00 -1.517881769056114116e+01 0.000000000000000000e+00
-1.266370018401756337e+00 -2.476952996420541453e+00 0.000000000000000000e+00
3.358088100731459136e+00 -7.625731655573036782e+00 0.000000000000000000e+00
-1.396770173789780856e-01 -4.665861402349199771e+00 0.000000000000000000e+00
-8.715140938340054433e+00 -9.295708258006509794e+00 0.000000000000000000e+00
2.882376005545273845e+00 7.289771884874113539e+00 1.000000000000000000e+00
1.519411769505926380e+00 -2.866405351911872401e+00 1.000000000000000000e+00
3.586616304277603362e+00 -2.938956834858374556e+00 0.000000000000000000e+00
1.134714156648792382e+01 2.686336063000692054e+00 1.000000000000000000e+00
7.538623367141807918e-01 -8.218151674078395530e+00 0.000000000000000000e+00
7.094919377924977510e-01 3.234309113025179983e+00 1.000000000000000000e+00
9.615310051295969274e+00 1.320601575726031385e+01 1.000000000000000000e+00
4.319629650618007410e+00 1.479538723198867700e+00 1.000000000000000000e+00
-3.553172973921139288e-01 3.322944827309064042e+00 1.000000000000000000e+00
3.892984454675671557e+00 8.949313163695794771e+00 1.000000000000000000e+00
-2.982867258109571651e-01 1.059538134810133414e+01 1.000000000000000000e+00
4.063805434379485604e+00 -1.091770192231900261e+01 0.000000000000000000e+00
-1.014106487443409677e+01 -9.030545728669789440e+00 0.000000000000000000e+00
-1.035777447207440360e+01 -6.148554740600854274e+00 0.000000000000000000e+00
-4.988105725718540384e+00 5.878385895314600873e+00 1.000000000000000000e+00
1.368804927936518467e+01 3.197241441268708684e+00 1.000000000000000000e+00
-2.847412413997368219e+00 9.270827972166886255e-01 0.000000000000000000e+00
-1.050915348787291315e+00 -6.035348297596267564e+00 0.000000000000000000e+00
4.999808608611862049e+00 -7.224836388725837111e-01 1.000000000000000000e+00
-1.235923154359042542e+01 -5.061247829092109463e+00 0.000000000000000000e+00
-6.501168804321040717e+00 3.210748482259599967e+00 0.000000000000000000e+00
-1.213519700205926277e+01 -7.330169342235750563e+00 0.000000000000000000e+00
7.808477775546266209e+00 4.738283318901109986e+00 1.000000000000000000e+00
9.231116062405760658e+00 7.912151023001387173e+00 1.000000000000000000e+00
-5.125790467329322198e+00 8.931756432027393444e-01 0.000000000000000000e+00
3.210856641301955250e+00 1.977598008588843825e+00 1.000000000000000000e+00
-6.498073041475196376e+00 3.931394357622775004e-01 0.000000000000000000e+00
-8.529260200277118287e+00 -6.720447595561397591e+00 0.000000000000000000e+00
1.507192629464380484e+00 5.409551115155180057e+00 1.000000000000000000e+00
1.366763970745978973e+01 2.605571961243301260e+00 1.000000000000000000e+00
4.757183015453432695e+00 7.028106015327284517e+00 1.000000000000000000e+00
-9.412219791027112592e+00 -5.437651468126082577e+00 0.000000000000000000e+00
6.944723735530384801e-01 5.218158269298900365e-01 0.000000000000000000e+00
9.388320894264328587e+00 5.049766428387891359e+00 1.000000000000000000e+00
-1.002518031241296015e+01 -9.108383282802353875e+00 0.000000000000000000e+00
-1.538935218577702102e+01 -1.469987759107331193e+01 0.000000000000000000e+00
7.085321802050824402e+00 1.454430278697236290e-01 1.000000000000000000e+00
1.071020421039063031e+00 3.803011989078598276e+00 0.000000000000000000e+00
-4.372942463709971861e+00 -1.886323585292400296e+00 0.000000000000000000e+00
3.208185567941729488e+00 1.206104628875997875e+01 1.000000000000000000e+00
3.029827349719301566e+00 2.775171035309314860e+00 0.000000000000000000e+00
1.908600426591399390e+00 2.447387309700745028e+00 0.000000000000000000e+00
-5.153794912831211050e-01 -3.124909624560515908e+00 1.000000000000000000e+00
-9.128453828670606285e-01 -5.404044365560989327e+00 0.000000000000000000e+00
8.006275259140039680e+00 1.229500975983005517e+01 1.000000000000000000e+00
-9.140004556073861863e-01 -1.405667908578549508e+00 0.000000000000000000e+00
-1.712325719420019254e+01 -8.733358278750921855e+00 0.000000000000000000e+00
1.170062401334019064e+00 -6.983119362808580810e+00 0.000000000000000000e+00
-6.807852318724959773e+00 -1.393960171195780795e+01 0.000000000000000000e+00
4.299803636458471523e+00 4.395884248844073028e-01 1.000000000000000000e+00
-1.359001909293669286e+01 -7.581203892429632774e+00 0.000000000000000000e+00
-2.320431548960661505e+00 -8.536242330852346072e+00 0.000000000000000000e+00
1.057163374217667595e+00 1.465580319909929230e+01 1.000000000000000000e+00
8.695832169702306658e-01 1.451141270203576283e+01 1.000000000000000000e+00
7.670914991287876461e+00 1.623422121390865058e+00 1.000000000000000000e+00
5.147919624524021742e+00 -3.123221936473161708e+00 0.000000000000000000e+00
-1.098137459854565279e+01 3.873123267793909363e+00 0.000000000000000000e+00
2.586672027256030404e+00 -4.921567790664349573e+00 0.000000000000000000e+00
5.562294635349617877e+00 4.913023020408854080e+00 1.000000000000000000e+00
3.119065520644559442e-01 3.176072699462425764e+00 1.000000000000000000e+00
2.279734834045757275e+00 4.139165342184784713e+00 1.000000000000000000e+00
6.408026260614154701e+00 7.918899969163312846e+00 1.000000000000000000e+00
-1.118339500723108060e+01 -1.321008867164807299e+01 0.000000000000000000e+00
-3.560395099084711301e+00 -9.840667991244110624e+00 0.000000000000000000e+00
1.066719796640721540e+01 4.577379434498057620e+00 1.000000000000000000e+00
-5.984358739427837470e+00 -1.104172382321650048e+01 0.000000000000000000e+00
4.950097203476208740e+00 3.263992781289033029e+00 1.000000000000000000e+00
-1.112998630607936335e+01 -8.416701684142704920e+00 0.000000000000000000e+00
1.905152172959631685e+00 -5.167409814743894714e+00 0.000000000000000000e+00
6.171648004273736277e+00 5.174280994060008965e+00 1.000000000000000000e+00
1.018297995186021154e+01 -5.986535492683415782e-01 1.000000000000000000e+00
2.356466142886055160e+00 1.093077234540570331e+01 1.000000000000000000e+00
-5.168256801793374322e+00 -1.642052509461854548e+00 0.000000000000000000e+00
2.344869925007897482e+00 6.386267819179806793e+00 1.000000000000000000e+00
5.726721214574748586e+00 6.194692512049885913e+00 1.000000000000000000e+00
-1.604557755851680589e+00 2.640745238850646714e+00 0.000000000000000000e+00
-1.344076794501945926e+01 -8.889001289785877447e+00 0.000000000000000000e+00
-2.335365433329437579e+00 -3.310619227139177667e-01 0.000000000000000000e+00
-5.406806432186058053e+00 -1.365256757752969818e+01 0.000000000000000000e+00
-1.412107360818204427e+00 1.404877760845319123e+00 0.000000000000000000e+00
4.884190771062762337e+00 5.408540798639049463e+00 1.000000000000000000e+00
1.047952991220967078e+00 -7.925026131979562294e+00 0.000000000000000000e+00
-2.462877776709087030e-01 -1.490123006338480494e+00 0.000000000000000000e+00
6.858452895142741923e+00 1.174327465744291032e+01 1.000000000000000000e+00
-1.126343837586176910e+01 4.166985485839715508e+00 0.000000000000000000e+00
4.340023540459230666e+00 8.297080937925130684e+00 1.000000000000000000e+00
-2.647734425107636902e+00 -3.360060445154267050e+00 0.000000000000000000e+00
-1.083785437269289886e+01 -5.829015980864395985e-01 0.000000000000000000e+00
3.182841711405985041e+00 2.686516463635619800e+00 1.000000000000000000e+00
-8.380802616025116336e+00 -1.617542083839413447e+00 0.000000000000000000e+00
1.000144365515343381e+01 5.629003702920043040e+00 1.000000000000000000e+00
-8.791286451490027076e+00 -1.244094510296591238e+01 0.000000000000000000e+00
4.889586355392204098e+00 5.188614760287569183e+00 1.000000000000000000e+00
1.334318668267155950e+00 -1.725169025115387722e+00 0.000000000000000000e+00
4.232671151987972280e+00 6.920673467288734670e+00 1.000000000000000000e+00
3.254414525921886181e+00 -4.938373649779107311e+00 1.000000000000000000e+00
4.001679170838022159e+00 -1.275428632112609151e+00 1.000000000000000000e+00
-2.708284916517147867e+00 -2.127713031250048736e+00 0.000000000000000000e+00
3.471012725263620702e+00 1.670477419355569282e+01 1.000000000000000000e+00
6.844162456332951727e+00 3.084945021461716230e+00 1.000000000000000000e+00
-2.536852347532899010e+00 -3.327186075345752059e+00 0.000000000000000000e+00
-8.606631447166794402e+00 -7.412002287004521683e+00 0.000000000000000000e+00
3.188386262402147509e+00 -1.043863038840251001e+00 0.000000000000000000e+00
1.228265945213922450e+01 1.364136897528811954e+00 1.000000000000000000e+00
7.900321957620986879e+00 3.771925618406454461e+00 1.000000000000000000e+00
3.153603384675601085e+00 1.976183706851528665e+00 1.000000000000000000e+00
-1.143412435453201503e+01 -2.410232266129561651e+00 0.000000000000000000e+00
9.046858155035888416e+00 6.470157340560466430e+00 1.000000000000000000e+00
-8.820228954363241058e+00 -1.171591315325316884e+01 0.000000000000000000e+00
4.789635504648473763e+00 4.476555144398263408e+00 1.000000000000000000e+00
8.687111529071540161e+00 3.770238439247206585e+00 1.000000000000000000e+00
5.073002787405370917e+00 1.123830151669395683e+01 1.000000000000000000e+00
-1.197376524768649197e+01 -5.696661925356652389e+00 0.000000000000000000e+00
6.343093932923495437e+00 1.049830220466517972e+00 1.000000000000000000e+00
-2.133367040680269611e-01 1.040260800927536877e+01 1.000000000000000000e+00
4.706203904772827684e-01 -8.955364157565437466e-01 1.000000000000000000e+00
-1.827767093102910412e+00 -2.875437038964956393e+00 0.000000000000000000e+00
5.476475646524323615e+00 5.311137186128502385e+00 1.000000000000000000e+00
3.878347091318853579e+00 1.052460387595706592e+01 1.000000000000000000e+00
-1.362209920287626552e+00 -5.703754762716235049e+00 0.000000000000000000e+00
1.283675172724997537e+01 3.240932201983369954e+00 1.000000000000000000e+00
-3.414789535212449323e+00 -8.594093519886904176e+00 0.000000000000000000e+00
-3.761310780962814793e+00 -9.518265766359231606e+00 0.000000000000000000e+00
3.535168055046527869e+00 -7.688150680402012327e+00 0.000000000000000000e+00
-5.780280054317450400e+00 -1.128623185927811079e+01 0.000000000000000000e+00
-5.467759907016719545e+00 5.525173947102000938e+00 0.000000000000000000e+00
1.881097356488252714e-01 1.518766345620041491e+01 1.000000000000000000e+00
-5.201884686611944808e+00 -5.751840160770946397e+00 0.000000000000000000e+00
-1.514458604413414733e+00 5.074892806128308287e+00 1.000000000000000000e+00
4.700475581140700854e+00 8.109020174531497815e+00 1.000000000000000000e+00
-5.649763298559652647e+00 -1.426167573420244139e+00 0.000000000000000000e+00
1.624708841612932986e+01 3.431232601821391448e+00 1.000000000000000000e+00
9.933565288514230929e+00 5.948171469786216470e+00 1.000000000000000000e+00
6.548382633848782497e+00 3.126942417962323084e+00 1.000000000000000000e+00
-1.597162379696304590e+00 -1.062382650838601350e+01 0.000000000000000000e+00
5.101190772551866814e-02 -9.572796128406746874e+00 0.000000000000000000e+00
-6.096516446776000464e+00 -4.226994922980327196e+00 0.000000000000000000e+00
1.028372128191752921e+01 1.426446521005284573e+00 1.000000000000000000e+00
-8.223123485636911312e+00 -3.658564616684555126e+00 0.000000000000000000e+00
3.137714283392379677e+00 -5.559601544106076432e-01 1.000000000000000000e+00
-9.125813722126949301e+00 3.574039491816087377e+00 0.000000000000000000e+00
3.746636254881404948e+00 -2.316049908424221648e+00 1.000000000000000000e+00
-2.983066234750362700e+00 -2.091836505162480986e+00 0.000000000000000000e+00
-3.531775131276674529e+00 -1.274714826163851900e+00 0.000000000000000000e+00
1.118386480248592996e+00 4.696622896340912234e+00 0.000000000000000000e+00
-1.563070958991818582e+00 -1.144253396745089901e+01 0.000000000000000000e+00
-1.197374937027010589e+01 -1.355502073039505539e+01 0.000000000000000000e+00
2.027599013726526955e+00 1.282705047479677063e+01 1.000000000000000000e+00
4.767062422304048752e+00 -2.236454430924836867e+00 0.000000000000000000e+00
9.309169729858648878e+00 1.010409074267685270e+01 1.000000000000000000e+00
-1.203145970919581309e+00 2.381613911489182556e+00 1.000000000000000000e+00
4.671151979921314812e+00 5.940338155176472235e+00 1.000000000000000000e+00
2.097060148276491454e+00 -3.704787054074120345e+00 0.000000000000000000e+00
1.125932992401494914e-01 -5.189319606074069391e+00 0.000000000000000000e+00
-1.124010198058937604e+01 -1.363137710987654749e+01 0.000000000000000000e+00
5.770682441063722301e+00 8.044298167900791441e+00 1.000000000000000000e+00
-5.345525692407477436e+00 -8.145730508316146867e+00 0.000000000000000000e+00
4.257144383699779766e+00 3.909269005211893244e+00 0.000000000000000000e+00
7.069977919968142288e-01 9.172269466597175125e+00 1.000000000000000000e+00
2.046672303398517023e+00 -2.098362420821902052e+00 0.000000000000000000e+00
-4.616784152222055404e+00 1.984126928100817366e+00 0.000000000000000000e+00
8.745531906159676794e+00 4.266599950008908237e+00 1.000000000000000000e+00
1.390242572891586814e+00 2.750576757193706534e+00 1.000000000000000000e+00
6.965345527933409109e+00 1.019736016718617932e+01 1.000000000000000000e+00
-2.578163705403637707e-01 -7.912677271424363390e+00 0.000000000000000000e+00
6.633607904482901496e+00 6.271025787861526091e+00 1.000000000000000000e+00
1.414905157545650383e+00 4.107647398832521723e+00 1.000000000000000000e+00
6.171969237656424134e+00 5.324067595482508963e-01 1.000000000000000000e+00
6.234436619850782790e-01 6.916293156918110085e+00 1.000000000000000000e+00
-8.954686968383485990e+00 3.078858357018571468e+00 0.000000000000000000e+00
-5.596176810868691121e+00 -6.108861359167622851e+00 0.000000000000000000e+00
4.754938798490250029e+00 4.180468245814000561e+00 1.000000000000000000e+00
3.806415076891531246e+00 4.144867296287647385e+00 1.000000000000000000e+00
-5.614959928273558276e+00 -6.396781041630022813e+00 0.000000000000000000e+00
4.589999564964443834e+00 3.788357442013037257e+00 0.000000000000000000e+00
9.079184834593508668e+00 6.921286632866312516e+00 1.000000000000000000e+00
-1.182221963268916820e+00 -3.636633761980815560e+00 0.000000000000000000e+00
-8.762896834611108687e+00 -5.972082273376726036e+00 0.000000000000000000e+00
-1.577946594788488976e+00 -7.533852799281785195e+00 0.000000000000000000e+00
3.421674851285987362e+00 1.012433758700193032e+01 1.000000000000000000e+00
-8.392670677195379625e+00 8.645618806311109239e+00 1.000000000000000000e+00
1.128345374563221704e+00 5.464574827469479423e+00 1.000000000000000000e+00
9.527319621722721621e+00 8.518174453905114518e+00 1.000000000000000000e+00
-1.174286479466811528e+01 2.910557226360346306e-01 0.000000000000000000e+00
2.630026807488388130e-01 6.436263142133341830e+00 1.000000000000000000e+00
3.284706020830379103e-01 -3.675226922041431976e+00 1.000000000000000000e+00
-4.193344497911804858e+00 -2.031216941981495605e+00 0.000000000000000000e+00
1.265035190496562123e+01 4.851826128636650637e+00 1.000000000000000000e+00
8.124815832317555220e+00 -9.524661013428159961e+00 1.000000000000000000e+00
3.830885432217803643e+00 3.025494141415276950e+00 1.000000000000000000e+00
5.312678867974069519e+00 8.188041140782800653e+00 1.000000000000000000e+00
-5.918782401370186186e+00 -7.407101065538238771e+00 0.000000000000000000e+00
-8.384787077645038167e+00 -1.099094979870947775e+01 0.000000000000000000e+00
3.640243433846148235e+00 -4.992784429243704025e+00 1.000000000000000000e+00
8.673655680975901561e+00 7.447784986219952330e+00 1.000000000000000000e+00
-2.604637252313471762e+00 7.564563754764859205e+00 1.000000000000000000e+00
8.138657742958528729e+00 9.260076562138191747e+00 1.000000000000000000e+00
-3.442703704840257117e+00 1.209206632415943083e+01 1.000000000000000000e+00
-4.575873307773291820e+00 -1.313820102573248327e+01 0.000000000000000000e+00
6.036287162720243238e+00 3.894918524780874414e+00 1.000000000000000000e+00
-3.111212360001619714e+00 5.542586160486036029e+00 1.000000000000000000e+00
1.629774135020417702e+01 7.572453173868074039e+00 1.000000000000000000e+00
-7.619351898076119234e+00 -1.285019793190593340e+00 0.000000000000000000e+00
4.637062716178305344e+00 4.123488022392187702e+00 1.000000000000000000e+00
2.218617465198686745e-01 3.237588384542399389e+00 1.000000000000000000e+00
-6.901183591911761006e+00 5.490723101702563724e+00 0.000000000000000000e+00
-9.998157515497883452e+00 -8.026003003434221128e+00 0.000000000000000000e+00
-1.132144693114899781e+01 9.484140424375997469e-01 0.000000000000000000e+00
-3.719374762088141217e+00 -8.331376934313638571e+00 0.000000000000000000e+00
2.458852615482101100e-01 -4.936141288382236425e+00 0.000000000000000000e+00
2.803914936529921409e+00 1.788103991381262858e+00 1.000000000000000000e+00
-2.375876029554735425e+00 3.361003052165112415e+00 1.000000000000000000e+00
8.777173054131495178e-01 1.814608902046844818e+01 1.000000000000000000e+00
-3.342750847057302632e+00 -1.078393490260882359e+01 0.000000000000000000e+00
-4.144753298512918960e+00 -1.234777203668548928e+01 0.000000000000000000e+00
-4.017256695103629482e+00 -3.949451441525469342e+00 0.000000000000000000e+00
-5.114805437240135255e+00 -1.609610064098560667e+00 0.000000000000000000e+00
1.122135279079624048e+01 4.739615144561316384e+00 1.000000000000000000e+00
-5.088390036689798279e-01 8.372371943447731724e-02 1.000000000000000000e+00
-8.184990346085093904e+00 -1.350799079822495052e+01 0.000000000000000000e+00
-5.331565046105992245e+00 -1.760911701690657694e+00 0.000000000000000000e+00
4.803884942507700373e+00 9.695918832654992769e+00 1.000000000000000000e+00
7.084887743379512770e+00 -1.086311351513164603e+01 0.000000000000000000e+00
2.508110466976490205e+00 6.027299440969086319e+00 1.000000000000000000e+00
-8.503548171810987100e+00 -7.132855225995932358e+00 0.000000000000000000e+00
4.445522365041390422e+00 -8.480451078405764065e-01 1.000000000000000000e+00
-6.663042774206363816e+00 -4.010252950357387824e+00 0.000000000000000000e+00
3.179753437683743300e-01 6.127839395885736451e+00 1.000000000000000000e+00
8.917099710491145359e+00 9.721714399227076697e+00 1.000000000000000000e+00
-3.893019330261961564e+00 -4.155310960479217997e+00 0.000000000000000000e+00
-5.404424735069643049e+00 -1.200024361245919380e+00 0.000000000000000000e+00
8.560183566777689990e+00 6.008443491563102867e+00 1.000000000000000000e+00
-1.110912136123549843e+01 -9.962804666579883062e+00 0.000000000000000000e+00
-1.147836707588995608e+01 -8.103888942908987758e+00 0.000000000000000000e+00
8.958847925159362902e+00 8.844595405763854501e+00 1.000000000000000000e+00
5.305578798105737626e+00 -5.601032120186193453e+00 1.000000000000000000e+00
1.111192275313227285e+01 1.731975158471771969e+00 1.000000000000000000e+00
-5.530872530336231385e+00 -9.900317147481247915e+00 0.000000000000000000e+00
-2.263754686450971221e+00 -3.633804601800029843e+00 0.000000000000000000e+00
1.076453018527374894e+01 4.804032686405053099e+00 1.000000000000000000e+00
2.491880897321474997e+00 5.295888786583114793e+00 1.000000000000000000e+00
1.502117524854809361e+01 3.102081786451670542e+00 1.000000000000000000e+00
-1.088947787161544412e+01 -5.003896177079534269e+00 0.000000000000000000e+00
1.012257893253417862e+01 6.002692914567466786e+00 1.000000000000000000e+00
-1.399897465211116554e+01 -4.202830389740867645e+00 0.000000000000000000e+00
3.124978999231742716e+00 -3.722831219103470701e-01 1.000000000000000000e+00
-9.988515575097135724e+00 -1.749944866539269839e+00 0.000000000000000000e+00
-3.911531434467788060e+00 3.996342263161948516e+00 1.000000000000000000e+00
-1.289641326046721659e+01 -7.148625788380005730e+00 0.000000000000000000e+00
2.643909586062772377e+00 -3.327112980154394162e+00 0.000000000000000000e+00
1.040719473254335981e+01 -1.257374938487340899e+01 0.000000000000000000e+00
1.777878034281345165e+00 -7.508790888494969451e+00 0.000000000000000000e+00
-1.225197121656910682e+01 -1.591298401666822215e+01 0.000000000000000000e+00
-3.428246876651772634e+00 -9.657957439662043342e+00 0.000000000000000000e+00
9.176760083270483648e+00 4.363919512803448697e+00 1.000000000000000000e+00
3.354751654585049092e+00 5.680155252820442868e+00 1.000000000000000000e+00
-2.391936306949403068e+00 -1.657928388770845629e+01 0.000000000000000000e+00
-1.025561952266579979e+01 -9.938370980499961149e+00 0.000000000000000000e+00
2.050620018116025012e+00 1.028280459054227336e+01 1.000000000000000000e+00
9.444419468628719727e-01 -1.219983432164004178e+00 0.000000000000000000e+00
5.282984316248088064e+00 1.712560459493019938e+00 1.000000000000000000e+00
5.232872322956973576e+00 4.867929372260909382e+00 1.000000000000000000e+00
-3.581981021626202910e+00 -8.600685569388302198e-01 0.000000000000000000e+00
-1.277068222702739675e+01 -1.588552576572482167e+00 0.000000000000000000e+00
9.468263731314038978e+00 9.337527115276323286e+00 1.000000000000000000e+00
4.106245058325302288e+00 1.573579192435916596e-01 1.000000000000000000e+00
9.142871589540026989e-01 1.086555769215392075e+01 1.000000000000000000e+00
4.001233128236195924e+00 7.480546161814383588e+00 1.000000000000000000e+00
4.523533790172656666e+00 8.791588237896750258e-01 1.000000000000000000e+00
-1.209505881007248540e+00 2.152132966493173427e+00 0.000000000000000000e+00
-7.688952626791847322e+00 4.013726379708391079e+00 0.000000000000000000e+00
1.845044473483415715e+00 2.000373115322082285e+00 1.000000000000000000e+00
-1.655572734515738276e+00 4.751685736981983155e-01 0.000000000000000000e+00
-8.732743570492926821e+00 -7.006104639737422701e+00 0.000000000000000000e+00
-7.424013594842366004e+00 -4.489400813945053414e+00 0.000000000000000000e+00
8.064225926111836529e+00 5.057232955221610204e+00 1.000000000000000000e+00
-7.591492901560529916e+00 -5.728483901176430138e+00 0.000000000000000000e+00
8.163378671926254881e+00 -2.030666481777081422e+00 1.000000000000000000e+00
4.791986343802299153e+00 5.446520764405062387e+00 1.000000000000000000e+00
1.263931605366297450e+00 1.280554998507284736e+01 1.000000000000000000e+00
2.293776603136530312e-01 8.984507953438026107e+00 1.000000000000000000e+00
-3.121082676798344835e+00 2.399422369997760818e+00 1.000000000000000000e+00
-3.705694518868236642e+00 -6.608475506913253916e+00 0.000000000000000000e+00
3.858018207822100365e+00 1.413544615214850708e+01 1.000000000000000000e+00
1.144188168923342452e+01 1.187588352814223924e+01 1.000000000000000000e+00
3.819324135903383155e+00 1.129705337514590013e+01 1.000000000000000000e+00
-1.590161160914605176e+01 -7.596893297356679398e+00 0.000000000000000000e+00
1.986448236345878726e+01 3.216488303033522289e+00 1.000000000000000000e+00
1.438963871150480855e+00 -5.624932879921812123e+00 0.000000000000000000e+00
3.221065874048034239e+00 6.180845289090973083e+00 1.000000000000000000e+00
-7.691669186715033746e+00 -2.393862565741335935e+00 0.000000000000000000e+00
-1.372670525342280179e+00 9.965210725082277676e+00 1.000000000000000000e+00
-2.214700866306741567e+00 2.695788384768615487e+00 0.000000000000000000e+00
1.243154445046687684e+01 8.393160125177471897e+00 1.000000000000000000e+00
2.512867607581233287e+00 7.354529386514258249e+00 1.000000000000000000e+00
-1.214646859457933026e+01 -8.199926544543936657e+00 0.000000000000000000e+00
2.686797394029645680e+00 7.309732871802653520e+00 1.000000000000000000e+00
-7.723511836657136698e+00 -6.535009688552777973e+00 0.000000000000000000e+00
9.685272587099191810e-02 1.048676361041492910e+01 1.000000000000000000e+00
4.251423928183789336e+00 8.094149519626183675e+00 1.000000000000000000e+00
6.380271753163095916e+00 -1.056406843953682895e+00 1.000000000000000000e+00
5.669362169984003330e+00 7.813398409718903537e+00 1.000000000000000000e+00
-2.542385834402919986e+00 1.422509115662084511e+01 0.000000000000000000e+00
-1.005381298515496269e+01 -4.506766553511918794e+00 0.000000000000000000e+00
-1.072885412589417609e+00 -5.418958612229047844e-01 0.000000000000000000e+00
-1.641339969401744980e-02 3.372908942524079023e+00 1.000000000000000000e+00
-9.171307625287026255e-01 1.050012887248677984e+01 1.000000000000000000e+00
-7.299125526334160341e-01 -1.508248773056423886e+01 0.000000000000000000e+00
-1.196217001206371755e+01 -5.529001801537891225e+00 0.000000000000000000e+00
-4.987767574059990494e+00 -4.881730954692152125e+00 0.000000000000000000e+00
9.467714785137895106e-01 -4.669905270137914677e+00 0.000000000000000000e+00
-1.486974947895827626e+00 -1.557067128133811984e+00 0.000000000000000000e+00
-3.346165297741081623e+00 -1.786470452156814215e+00 0.000000000000000000e+00
5.404119145755493570e+00 5.829492254873022361e+00 1.000000000000000000e+00
6.115770651092789834e+00 9.839757000982059409e+00 1.000000000000000000e+00
-1.211299745016413354e+00 8.400093018706019876e+00 1.000000000000000000e+00
1.200019312571470032e+01 -6.617112765852635192e-01 1.000000000000000000e+00
-1.478309569752267905e+00 -7.028068961893588096e+00 0.000000000000000000e+00
-1.352145692900363372e+01 -3.971542024330930953e+00 0.000000000000000000e+00
-2.858090320573456911e+00 -3.990478206645712067e+00 0.000000000000000000e+00
5.304488863241139995e+00 8.695076904261231476e+00 1.000000000000000000e+00
1.189756994959871683e+01 8.717830517176654581e-01 1.000000000000000000e+00
9.259888174814228989e+00 5.614910504353273879e+00 1.000000000000000000e+00
5.504483414987830336e+00 1.245965218654765394e+00 1.000000000000000000e+00
1.948086754881929394e+00 1.114768803753718096e+01 1.000000000000000000e+00
1.553631679292312828e+00 2.142519354138633147e+00 1.000000000000000000e+00
-1.261070925202209914e+01 -2.882001198808767040e+00 0.000000000000000000e+00
1.234268868195844604e+01 -9.240206099700788656e+00 1.000000000000000000e+00
8.539268388773763263e+00 5.125755836076751670e+00 1.000000000000000000e+00
8.013394111725444802e+00 5.289320693068551904e+00 1.000000000000000000e+00
-9.445569349025667805e+00 -1.210620852239376610e+01 0.000000000000000000e+00
-1.865835725159872283e+00 -5.502892478418299760e+00 0.000000000000000000e+00
-1.036278874214917067e+01 -8.134058196527634621e+00 0.000000000000000000e+00
-2.837655503198861950e+00 2.052294504445653978e+00 0.000000000000000000e+00
1.022261708001225777e+01 -5.217228036677967751e-01 1.000000000000000000e+00
-5.485400565076287371e+00 -7.051965944784090112e+00 0.000000000000000000e+00
-1.037634861197285119e+01 -1.278897377753782649e-01 0.000000000000000000e+00
6.038350764094218448e+00 1.010072473563904794e+01 1.000000000000000000e+00
-1.178831475359971570e+00 -8.491763140603595161e+00 0.000000000000000000e+00
2.317980628190526637e+00 4.558387301432706984e+00 1.000000000000000000e+00
5.579981881928488541e+00 1.661374567462317486e+00 1.000000000000000000e+00
1.370768949295735339e+00 8.850200566784053535e+00 1.000000000000000000e+00
9.714447998200485657e+00 4.404747351580595272e+00 1.000000000000000000e+00
8.979636103242754075e-01 -1.200740381801607981e+01 0.000000000000000000e+00
-1.528724522439516953e+00 -1.025667792653668542e+01 0.000000000000000000e+00
-1.470777452006010932e+01 -5.209084283865154319e+00 0.000000000000000000e+00
2.493060717605998455e+00 1.655711770019917140e+01 1.000000000000000000e+00
3.958930097477136201e+00 5.931648539400838693e+00 1.000000000000000000e+00
9.516804347488811544e+00 7.844163452988105689e+00 1.000000000000000000e+00
2.307208648865298084e+00 7.595448934054993551e+00 1.000000000000000000e+00
7.000942396880777352e+00 1.209778296537396258e+01 1.000000000000000000e+00
9.163994858720805325e+00 1.475452820532856713e+01 1.000000000000000000e+00
-5.514787876704424718e+00 8.426466092144693221e-01 0.000000000000000000e+00
1.407309241794406951e+01 6.680068664235133014e+00 1.000000000000000000e+00
-9.611777394520775175e+00 4.301209979887751444e+00 0.000000000000000000e+00
1.128003249205787206e+01 7.395215422103435188e+00 1.000000000000000000e+00
1.056361728800748523e+00 -2.872554025052506343e+00 0.000000000000000000e+00
-1.704908519405837986e+00 1.077746843176136338e+01 1.000000000000000000e+00
1.819210553200314440e+00 -1.215760416112168230e-01 1.000000000000000000e+00
-8.665029104317561348e+00 -1.079050249111450199e+01 0.000000000000000000e+00
-1.220758604752415266e+01 -7.921652398380183868e+00 0.000000000000000000e+00
-9.382510701144058274e+00 -1.123497109183402642e+01 0.000000000000000000e+00
3.963053765606474599e+00 1.245798716690646657e+01 1.000000000000000000e+00
2.573755772353566229e+00 -1.763849763200544984e+00 0.000000000000000000e+00
-7.309180767025976522e+00 -3.410578516095249313e+00 0.000000000000000000e+00
1.582531608838355019e+01 4.661755207331542472e+00 1.000000000000000000e+00
-8.201866837696218937e-01 -1.928926767265499276e+00 0.000000000000000000e+00
3.826163174368637954e+00 -5.979466719174637568e+00 0.000000000000000000e+00
7.402971078171419528e+00 9.824166066006068121e+00 1.000000000000000000e+00
-6.861113418763784111e+00 -5.306529892875412990e+00 0.000000000000000000e+00
3.471466376816330968e+00 6.384357929246902152e+00 1.000000000000000000e+00
8.026905503435186162e+00 6.184599656167565129e+00 1.000000000000000000e+00
-5.722883374064547723e+00 -7.347428242970853063e+00 0.000000000000000000e+00
-1.293065458478124619e+01 -7.360601776588465484e+00 0.000000000000000000e+00
1.441340390319723141e+01 1.060648699453679633e+01 1.000000000000000000e+00
-3.926660510675148430e+00 8.332628595634970381e+00 1.000000000000000000e+00
-2.688005836454145481e+00 -2.477191564056574258e+00 0.000000000000000000e+00
-1.476884237852965320e+01 -8.934188243659313855e+00 0.000000000000000000e+00
-1.336056809457511818e+00 -2.509380741448130614e+00 0.000000000000000000e+00
-4.967090916340087148e+00 8.358496660291041991e+00 1.000000000000000000e+00
1.690889678210953484e+00 7.155410478439749866e+00 1.000000000000000000e+00
-5.451256504132190983e+00 -1.642112776502342442e-01 0.000000000000000000e+00
9.748469882692845090e-02 -9.485914302042285584e+00 0.000000000000000000e+00
9.015003573578969309e+00 9.668424879749558443e+00 1.000000000000000000e+00
-3.645632746112438483e+00 8.829703520757243851e+00 1.000000000000000000e+00
-5.452786232070961248e+00 -3.331392302403104466e-01 0.000000000000000000e+00
2.443074187651061990e+00 8.372127147293763727e+00 1.000000000000000000e+00
-4.480818576257368235e-01 -3.071832563148950701e+00 0.000000000000000000e+00
6.821837476592125249e+00 3.201307924438026919e+00 1.000000000000000000e+00
-7.074173807935631331e+00 9.253830014490645794e+00 1.000000000000000000e+00
7.390236395445164419e-01 -5.361562477246017977e+00 1.000000000000000000e+00
5.195527194163782170e+00 3.453888741135260787e+00 1.000000000000000000e+00
-9.847263121036323952e+00 -3.822237555381309271e+00 0.000000000000000000e+00
7.817666230793412829e+00 9.799233550615710442e+00 1.000000000000000000e+00
-9.059995471049399285e+00 -3.093304575172095561e+00 0.000000000000000000e+00
1.915177741508820120e+01 1.221079894841011892e+01 1.000000000000000000e+00
7.894458173670340528e+00 4.017114591921842504e+00 1.000000000000000000e+00
-5.923616517619881172e+00 -5.529773937013549023e+00 0.000000000000000000e+00
-5.947212444699752076e+00 1.966929166617680025e+00 0.000000000000000000e+00
7.608794167751424808e+00 5.366080586405128194e+00 1.000000000000000000e+00
-9.548558584430669072e+00 -1.511139382194021774e+00 0.000000000000000000e+00
